73.51635617
73.33477594
73.0677884
73.6470561
71.76099489
70.93056686
70.97745153
69.59279664
69.97219092
71.06671688
71.05543028
68.9203868
70.46595254
70.25220846
69.91516716
70.06310734
70.19919888
70.42012998
70.38047129
71.24865488
71.8999037
73.40967265
72.77346151
72.00711944
72.95621985
72.99799333
74.67011967
74.62521084
74.6125761
75.67316773
75.66943225
75.8741835
76.60303266
75.89974025
76.03392457
77.05788914
76.92884511
77.58924878
77.85808478
77.65135412
78.17482131
78.46795359
78.62312599
78.94936232
78.86570317
78.64828097
80.3292213
80.18617164
80.88478767
80.74956466
80.28435198
80.90182253
81.0976143
80.63397425
81.48458472
81.74594773
81.56002698
82.69093702
83.25253749
83.89853367
84.22038767
84.80597822
83.96821258
86.27099209
87.28800719
87.49391257
87.84886049
89.03588856
89.6852958
90.02648686
89.50613011
90.84225878
90.72636312
88.66001097
92.33906134
92.11329676
93.19064243
94.07928011
95.24394572
94.17782827
96.54802986
94.11640432
93.53354306
88.83879393
88.33277921
90.14950229
88.96092101
91.34149978
91.45887757
92.15163678
93.11597467
93.56398591
94.96909371
96.08540539
97.8414263
96.93721697
99.22026989
98.66772739
99.5280817
99.44594924
98.74035051
100.1712663
98.90729083
101.8671132
100.1113659
100.8997752
101.180786
101.6530254
102.7207012
103.6931105
103.4899969
101.8318957
104.998315
103.6496807
105.3913145
103.8000374
104.6897079
103.2776558
104.7668441
104.6237506
103.9706549
102.627888
104.6186156
103.8179692
104.4338145
104.4744504
106.18359
107.4994182
105.4112312
106.1812076
105.6391503
106.6929878
106.1240878
106.5034695
107.0052762
108.4891061
108.0131374
108.9528718
108.505161
110.2698378
110.098794
109.6695883
109.3464994
106.8863065
108.7972675
108.6669997
111.18375
107.2099602
107.1864605
105.3655439
105.2651164
105.9816548
105.3133712
106.5744689
106.5042514
105.2736182
106.0980763
105.9057598
104.8288833
103.5705092
103.1207634
102.7748809
101.0289292
100.9667351
100.6392312
101.1510549
99.52378966
100.4321319
99.9310065
98.32904579
100.0914436
100.1320471
99.67749714
99.6686493
99.79342372
98.27033996
98.67453399
98.07267078
98.28473245
97.74855996
99.34015156
100.3927821
97.88010697
99.43144358
100.0026985
101.1982811
101.5851082
101.6145445
102.106716
101.6648069
102.4488024
102.5144509
101.7146234
101.3648689
101.8925632
102.3772787
99.18120593
103.6051751
102.4717067
102.8437469
102.3396926
101.8123707
102.7400458
103.6501708
102.8441794
103.8436208
102.0896867
103.762013
